panel_bg_color: [0.007843138, 0.047058824, 0.11764706]
left_panel_width: 300
right_panel_width: 300
console_panel_height: 200